nt =   500
nx =   400
save_max =    8
time_save = -0.989313
time_save = -0.497689
time_save =  0.004624
time_save =  0.506936
time_save =  1.009247
time_save =  1.500871
time_save =  3.510132
time_save =  6.000296
