nt =   500
nx =   500
save_max =    5
time_save = -0.983800
time_save = -0.497800
time_save =  0.004400
time_save =  0.506600
time_save =  1.000000
