nt =   500
nx =    99
save_max =    8
time_save = -0.956818
time_save = -0.913636
time_save = -0.870454
time_save = -0.827273
time_save = -0.784091
time_save = -0.740909
time_save = -0.697727
time_save = -0.654545
time_save = -0.611363
