nt =   500
nx =  5000
save_max =    8
time_save = -0.999190
time_save = -0.499403
time_save =  0.000365
time_save =  0.500134
time_save =  1.000731
time_save =  1.500517
time_save =  3.500253
time_save =  6.000218
time_save =  6.001028
time_save =  6.001838
time_save =  6.002648
time_save =  6.003458
